0 0.184375 0.9515625 0.03125 0.0375
0 0.084375 0.940625 0.03125 0.0375
0 0.3796875 0.978125 0.0375 0.025
0 0.53125 0.94375 0.028125 0.0375
0 0.4421875 0.8359375 0.0296875 0.0421875
0 0.5046875 0.734375 0.0390625 0.040625
0 0.3109375 0.78125 0.04375 0.04375
0 0.48125 0.6375 0.0234375 0.03125
0 0.875 0.75625 0.0296875 0.0453125
0 0.753125 0.965625 0.040625 0.05625
0 0.603125 0.6078125 0.028125 0.046875
0 0.390625 0.509375 0.0171875 0.01875
0 0.2203125 0.478125 0.0203125 0.0234375
0 0.7046875 0.621875 0.015625 0.015625
0 0.7375 0.503125 0.015625 0.0265625
0 0.6265625 0.41875 0.0140625 0.015625
0 0.0078125 0.68125 0.015625 0.0328125
0 0.7671875 0.384375 0.0109375 0.015625
0 0.803125 0.43125 0.0140625 0.01875