0 0.225 0.959375 0.0296875 0.040625
0 0.125 0.95 0.0296875 0.0359375
0 0.421875 0.98125 0.0375 0.034375
0 0.571875 0.93125 0.0265625 0.0359375
0 0.4765625 0.828125 0.028125 0.040625
0 0.534375 0.7234375 0.0375 0.0390625
0 0.34375 0.78125 0.0421875 0.0421875
0 0.5046875 0.628125 0.021875 0.0296875
0 0.90625 0.725 0.028125 0.04375
0 0.79375 0.940625 0.0375 0.0546875
0 0.6265625 0.5921875 0.0265625 0.046875
0 0.4078125 0.503125 0.015625 0.01875
0 0.2359375 0.484375 0.01875 0.021875
0 0.728125 0.6 0.015625 0.015625
0 0.753125 0.48125 0.0140625 0.0265625
0 0.6390625 0.4015625 0.0125 0.015625
0 0.034375 0.696875 0.0203125 0.03125
0 0.778125 0.359375 0.009375 0.015625
0 0.815625 0.40625 0.0140625 0.01875