0 0.25 0.959375 0.0265625 0.0390625
0 0.153125 0.95625 0.0265625 0.034375
0 0.4421875 0.971875 0.034375 0.034375
0 0.584375 0.915625 0.0234375 0.034375
0 0.4875 0.81875 0.025 0.0390625
0 0.5375 0.715625 0.034375 0.0359375
0 0.35625 0.78125 0.0390625 0.0390625
0 0.50625 0.6234375 0.0203125 0.028125
0 0.8984375 0.6984375 0.025 0.040625
0 0.8015625 0.9125 0.034375 0.0515625
0 0.621875 0.5828125 0.0234375 0.04375
0 0.403125 0.509375 0.0140625 0.0171875
0 0.2375 0.496875 0.0171875 0.0203125
0 0.71875 0.584375 0.0140625 0.0140625
0 0.7390625 0.46875 0.0125 0.025
0 0.6234375 0.396875 0.0125 0.0140625
0 0.05 0.715625 0.0171875 0.0296875
0 0.75625 0.35 0.009375 0.0140625
0 0.7953125 0.39375 0.0125 0.0171875